2,1,34~2,3,34
6,9,89~6,9,89
7,5,54~7,7,54
0,4,115~0,5,115
7,0,115~9,0,115
1,4,32~1,4,33
9,5,96~9,6,96
5,0,27~8,0,27
2,3,48~2,4,48
2,0,151~4,0,151
6,6,60~6,8,60
4,0,150~4,3,150
3,3,108~3,3,110
1,0,5~4,0,5
3,1,57~4,1,57
0,8,130~3,8,130
8,1,36~9,1,36
4,1,89~7,1,89
0,4,54~0,6,54
2,0,113~3,0,113
7,5,66~7,7,66
7,6,68~7,7,68
5,1,32~6,1,32
2,1,103~2,4,103
5,1,118~5,3,118
2,4,94~3,4,94
3,8,21~3,9,21
6,6,62~6,6,62
7,3,27~7,5,27
5,5,41~9,5,41
5,3,43~5,6,43
1,1,89~3,1,89
6,2,141~7,2,141
7,2,57~7,4,57
5,6,96~5,9,96
2,4,81~2,5,81
1,6,68~3,6,68
2,2,149~2,4,149
7,3,143~7,3,146
4,1,157~4,3,157
6,1,51~8,1,51
1,8,59~1,9,59
5,1,104~7,1,104
9,4,24~9,6,24
7,0,149~7,2,149
9,1,67~9,2,67
5,2,73~8,2,73
7,8,45~7,9,45
6,4,49~6,8,49
4,6,133~7,6,133
6,5,123~6,7,123
4,7,99~4,9,99
8,6,102~8,8,102
5,1,96~5,3,96
6,4,77~6,6,77
2,7,119~4,7,119
3,0,94~3,3,94
0,2,66~2,2,66
5,5,62~5,5,63
2,1,69~2,1,71
3,3,47~5,3,47
3,3,42~3,5,42
4,7,10~4,9,10
5,5,101~5,5,101
6,5,118~6,5,120
6,0,42~6,1,42
8,2,19~8,3,19
3,4,81~3,6,81
8,4,117~8,6,117
0,6,29~0,9,29
6,8,54~6,8,54
9,5,140~9,9,140
8,1,34~8,2,34
5,9,18~7,9,18
6,0,43~9,0,43
0,2,44~0,3,44
8,6,123~8,9,123
1,4,31~3,4,31
7,0,26~7,2,26
8,0,45~8,2,45
1,2,102~1,5,102
6,5,48~6,6,48
5,0,85~5,3,85
8,1,121~8,1,123
1,8,53~4,8,53
1,7,132~3,7,132
8,3,18~8,6,18
0,2,113~0,5,113
2,0,72~5,0,72
4,9,97~7,9,97
2,4,49~2,7,49
1,7,11~1,7,12
4,2,39~4,4,39
0,9,58~2,9,58
7,5,118~8,5,118
7,5,40~7,8,40
5,1,121~7,1,121
0,1,87~0,4,87
2,3,95~4,3,95
9,4,34~9,7,34
3,8,46~4,8,46
7,2,136~7,4,136
6,4,28~7,4,28
4,6,134~4,9,134
8,2,70~8,2,70
2,4,25~4,4,25
0,0,96~0,1,96
1,2,109~4,2,109
3,2,103~3,4,103
6,4,21~6,6,21
1,7,135~1,9,135
3,1,48~3,3,48
7,8,116~9,8,116
4,5,25~4,7,25
8,1,35~8,3,35
9,4,130~9,7,130
9,1,60~9,3,60
4,9,136~6,9,136
7,7,32~9,7,32
7,7,138~9,7,138
0,8,136~3,8,136
8,2,72~8,3,72
5,6,89~5,8,89
0,7,75~1,7,75
8,1,136~8,3,136
8,0,47~8,2,47
6,0,69~8,0,69
9,3,122~9,6,122
5,4,81~5,7,81
0,5,15~2,5,15
0,8,84~1,8,84
1,7,125~5,7,125
0,4,116~2,4,116
9,7,8~9,9,8
6,4,137~6,6,137
5,1,77~5,1,81
3,6,47~4,6,47
4,7,123~4,7,123
8,5,20~8,7,20
9,4,47~9,6,47
3,2,81~3,3,81
5,1,49~6,1,49
5,3,92~5,4,92
2,7,64~4,7,64
5,4,44~5,4,46
5,2,57~5,5,57
4,0,1~5,0,1
5,6,17~7,6,17
8,5,62~9,5,62
0,4,123~0,6,123
6,0,103~6,3,103
9,1,114~9,2,114
1,4,109~3,4,109
2,1,93~4,1,93
6,5,15~6,8,15
2,0,78~4,0,78
0,5,2~0,7,2
6,9,90~8,9,90
8,2,59~8,4,59
3,6,29~4,6,29
9,6,107~9,6,107
3,0,7~4,0,7
1,3,79~1,3,81
3,2,2~5,2,2
5,5,53~5,7,53
9,2,17~9,4,17
6,2,89~6,3,89
7,3,51~9,3,51
2,9,123~4,9,123
7,1,109~9,1,109
1,2,61~1,6,61
5,9,111~7,9,111
7,4,92~9,4,92
7,7,62~7,9,62
3,2,31~4,2,31
8,4,70~8,6,70
4,7,5~4,7,5
2,4,102~4,4,102
3,7,121~4,7,121
5,5,61~5,7,61
0,1,120~1,1,120
1,0,64~5,0,64
7,4,150~9,4,150
1,7,16~1,7,19
7,0,90~7,2,90
6,7,86~8,7,86
1,3,110~1,6,110
0,7,53~0,9,53
3,6,125~4,6,125
8,5,69~8,8,69
4,2,24~7,2,24
3,5,83~5,5,83
7,7,122~8,7,122
0,4,55~0,6,55
7,5,28~7,7,28
2,2,33~4,2,33
6,1,96~6,3,96
5,3,115~5,5,115
4,5,108~4,7,108
1,6,111~4,6,111
2,0,88~2,2,88
6,5,60~8,5,60
6,1,149~6,3,149
2,1,111~6,1,111
7,8,86~9,8,86
7,8,55~8,8,55
2,0,126~2,2,126
2,7,56~2,9,56
9,8,91~9,9,91
2,7,77~2,9,77
3,3,45~5,3,45
3,4,60~4,4,60
0,7,74~2,7,74
9,2,42~9,2,44
9,3,3~9,4,3
0,3,101~1,3,101
1,2,138~1,3,138
1,5,68~4,5,68
6,5,152~6,5,155
6,2,14~8,2,14
3,7,27~3,9,27
3,8,20~5,8,20
1,9,2~1,9,3
6,6,108~9,6,108
1,3,60~3,3,60
7,7,106~7,9,106
9,7,131~9,8,131
5,2,41~5,4,41
2,0,112~2,1,112
9,1,129~9,2,129
2,1,66~4,1,66
7,8,109~7,9,109
2,6,69~2,6,70
4,4,56~8,4,56
0,5,40~3,5,40
4,4,101~7,4,101
4,7,32~4,9,32
5,8,42~5,9,42
0,5,42~2,5,42
3,2,115~3,4,115
7,7,71~8,7,71
5,2,8~5,4,8
5,7,82~7,7,82
8,7,67~8,8,67
1,1,117~4,1,117
7,1,4~9,1,4
1,4,80~3,4,80
2,1,90~2,1,92
8,7,130~8,7,132
0,9,124~2,9,124
1,3,75~1,3,77
6,0,104~8,0,104
6,1,78~8,1,78
8,6,152~8,7,152
5,1,107~5,3,107
1,4,113~4,4,113
1,5,10~1,7,10
3,4,23~3,5,23
1,6,43~1,8,43
0,0,42~0,2,42
7,3,109~7,3,112
0,3,70~0,6,70
5,7,90~6,7,90
3,2,112~3,4,112
9,7,33~9,8,33
6,7,99~8,7,99
0,2,139~2,2,139
2,8,108~4,8,108
1,7,68~4,7,68
9,6,90~9,8,90
5,0,113~5,3,113
0,1,8~0,3,8
6,4,129~6,5,129
2,7,33~5,7,33
3,3,88~3,4,88
0,2,118~0,5,118
4,4,7~7,4,7
6,5,32~6,5,34
5,1,119~5,2,119
4,6,24~4,8,24
1,5,70~1,5,71
6,0,25~6,1,25
1,6,42~3,6,42
1,5,93~1,7,93
4,7,72~4,9,72
2,1,15~5,1,15
4,1,78~4,2,78
1,1,32~1,1,34
4,4,17~6,4,17
0,5,74~1,5,74
4,6,36~4,8,36
9,2,121~9,4,121
5,2,108~5,3,108
6,3,80~7,3,80
9,6,7~9,8,7
0,5,77~1,5,77
1,7,53~1,7,55
8,1,137~9,1,137
4,7,63~7,7,63
2,9,16~4,9,16
0,5,69~3,5,69
4,1,88~4,4,88
7,7,46~7,8,46
6,9,65~8,9,65
6,2,118~6,2,119
3,1,16~3,1,17
1,4,138~1,6,138
5,0,28~7,0,28
7,8,42~7,8,44
9,4,42~9,6,42
5,5,52~7,5,52
0,3,9~2,3,9
3,6,24~3,6,25
7,0,62~7,2,62
6,5,7~8,5,7
1,2,140~1,2,143
2,6,82~3,6,82
5,3,127~5,6,127
5,1,50~6,1,50
8,1,16~9,1,16
3,3,62~3,6,62
7,2,123~8,2,123
0,3,86~3,3,86
2,5,96~4,5,96
9,7,51~9,8,51
4,7,120~4,9,120
2,2,131~4,2,131
0,7,136~2,7,136
0,1,141~0,4,141
8,4,64~8,5,64
9,2,123~9,4,123
9,4,1~9,4,2
2,6,60~5,6,60
2,5,92~4,5,92
4,5,112~4,7,112
4,0,88~7,0,88
4,7,29~7,7,29
2,2,127~2,4,127
3,5,82~5,5,82
5,1,126~5,3,126
9,7,118~9,7,119
6,1,129~6,3,129
9,7,127~9,9,127
9,3,105~9,6,105
7,5,48~9,5,48
7,5,134~8,5,134
5,3,15~8,3,15
5,6,117~7,6,117
0,1,43~0,3,43
3,0,53~5,0,53
0,9,52~3,9,52
9,7,14~9,9,14
9,3,18~9,3,20
5,5,157~5,7,157
0,0,119~0,3,119
0,5,1~2,5,1
5,4,119~5,6,119
8,1,46~8,3,46
6,6,150~8,6,150
8,7,129~9,7,129
1,9,1~3,9,1
5,5,26~8,5,26
9,5,22~9,7,22
6,3,25~6,5,25
3,3,87~3,5,87
3,0,67~3,2,67
4,6,4~4,9,4
8,5,133~9,5,133
5,3,34~5,6,34
2,1,42~2,3,42
7,4,44~7,6,44
3,1,43~3,3,43
5,5,59~7,5,59
1,6,114~1,7,114
6,5,94~6,8,94
9,6,50~9,7,50
7,2,59~7,3,59
2,4,4~2,6,4
2,2,108~2,5,108
2,1,116~4,1,116
7,9,72~9,9,72
5,1,159~6,1,159
0,0,66~1,0,66
3,0,84~3,1,84
5,0,99~5,2,99
5,6,101~5,8,101
8,5,33~8,8,33
7,7,111~7,7,114
6,7,83~9,7,83
4,7,137~7,7,137
2,8,101~3,8,101
5,6,11~8,6,11
3,4,83~5,4,83
3,4,55~3,7,55
9,8,89~9,8,89
5,1,61~7,1,61
2,9,98~4,9,98
8,3,65~8,3,66
5,4,100~5,7,100
0,0,44~3,0,44
6,4,6~6,5,6
9,3,36~9,5,36
5,1,120~5,3,120
7,3,90~7,6,90
4,8,12~5,8,12
4,9,17~7,9,17
3,4,93~6,4,93
8,2,111~8,2,113
0,4,88~0,6,88
6,4,51~6,4,53
0,8,134~2,8,134
5,7,99~5,9,99
3,9,136~3,9,136
3,5,128~6,5,128
4,0,6~5,0,6
2,1,58~5,1,58
0,5,133~0,6,133
7,6,21~9,6,21
4,4,157~4,7,157
4,3,79~4,5,79
4,3,57~4,5,57
1,3,47~2,3,47
7,4,45~7,6,45
7,7,89~9,7,89
5,0,44~8,0,44
9,6,106~9,8,106
4,6,8~5,6,8
6,2,50~8,2,50
4,4,12~4,7,12
2,7,51~2,9,51
5,8,14~6,8,14
5,8,41~7,8,41
6,7,132~6,7,133
4,0,132~4,3,132
6,6,124~7,6,124
5,1,10~5,4,10
6,0,107~6,2,107
6,3,102~6,5,102
1,3,41~1,5,41
7,8,59~9,8,59
3,4,3~3,4,4
3,7,88~4,7,88
2,9,108~2,9,111
3,2,72~3,5,72
7,5,2~7,7,2
6,3,75~6,6,75
8,3,63~8,5,63
5,5,39~8,5,39
3,2,64~6,2,64
7,5,77~7,6,77
2,8,58~4,8,58
9,3,63~9,5,63
6,7,122~6,9,122
9,1,15~9,3,15
5,5,105~5,5,107
7,1,107~7,4,107
9,5,132~9,7,132
4,1,123~4,3,123
0,6,38~0,8,38
0,6,89~0,6,91
0,2,117~0,5,117
4,2,79~4,2,81
5,1,109~5,2,109
0,3,111~2,3,111
9,1,110~9,1,112
0,6,121~2,6,121
1,8,3~1,8,4
5,2,117~7,2,117
0,8,14~1,8,14
6,1,39~6,3,39
7,6,30~7,8,30
5,5,88~5,7,88
6,7,102~6,9,102
2,7,102~5,7,102
5,9,43~5,9,44
7,5,51~7,7,51
4,3,89~4,6,89
0,6,56~0,8,56
5,2,116~7,2,116
2,4,70~2,5,70
2,2,35~2,2,38
7,5,55~7,7,55
4,0,99~4,2,99
8,3,119~8,5,119
1,8,79~4,8,79
2,9,33~5,9,33
3,4,61~4,4,61
6,2,115~8,2,115
1,2,10~1,4,10
5,1,130~8,1,130
2,6,28~3,6,28
3,7,54~5,7,54
0,2,137~0,4,137
5,9,14~6,9,14
0,9,106~3,9,106
8,2,114~8,5,114
1,7,95~1,9,95
6,2,6~6,3,6
0,6,28~0,8,28
6,1,16~6,3,16
1,8,72~2,8,72
8,6,90~8,8,90
6,3,9~7,3,9
4,5,116~4,7,116
6,1,125~6,3,125
6,2,9~7,2,9
0,4,76~0,6,76
5,5,114~5,8,114
4,4,151~5,4,151
6,8,85~8,8,85
4,7,16~6,7,16
5,4,86~8,4,86
4,0,115~6,0,115
1,0,19~3,0,19
7,8,9~9,8,9
4,8,101~4,9,101
9,1,41~9,3,41
7,1,77~7,3,77
5,6,109~5,8,109
1,9,68~3,9,68
2,1,137~2,1,140
0,2,74~2,2,74
3,0,63~3,2,63
5,6,130~5,7,130
4,1,37~4,3,37
3,7,56~5,7,56
9,4,23~9,7,23
7,1,148~7,3,148
5,3,65~5,5,65
5,3,147~7,3,147
3,6,151~5,6,151
5,5,71~7,5,71
3,2,156~4,2,156
0,0,48~0,1,48
3,3,63~3,3,66
7,1,108~7,4,108
4,0,45~4,1,45
4,7,89~4,9,89
7,8,60~7,9,60
6,3,150~9,3,150
0,3,112~0,6,112
4,1,1~6,1,1
0,0,76~0,2,76
3,0,126~3,2,126
4,8,47~4,9,47
7,0,65~7,2,65
0,2,102~0,3,102
1,2,11~1,2,13
4,5,84~6,5,84
2,1,65~3,1,65
0,6,62~2,6,62
1,3,33~1,3,36
6,9,61~8,9,61
3,2,98~3,2,99
4,3,63~4,5,63
4,0,87~4,1,87
4,3,139~4,6,139
3,3,149~5,3,149
6,0,16~8,0,16
6,1,14~9,1,14
8,7,2~8,9,2
2,0,1~2,0,4
0,3,90~0,5,90
7,6,101~7,6,103
8,2,20~8,2,23
4,0,77~4,2,77
7,1,66~9,1,66
7,9,10~9,9,10
3,1,44~5,1,44
2,2,121~5,2,121
2,0,22~4,0,22
5,3,112~5,4,112
2,5,119~2,5,120
6,4,63~7,4,63
5,8,26~6,8,26
0,2,75~0,4,75
6,4,69~7,4,69
5,6,35~5,6,35
7,9,129~9,9,129
5,3,33~8,3,33
1,8,131~3,8,131
5,1,105~7,1,105
3,6,23~5,6,23
8,1,91~8,4,91
2,2,96~3,2,96
6,9,22~6,9,24
3,1,134~3,3,134
3,3,67~3,6,67
2,2,125~5,2,125
8,0,132~9,0,132
2,2,128~2,2,129
1,7,44~1,9,44
5,1,142~5,1,144
5,6,98~5,9,98
0,5,91~3,5,91
8,1,90~8,2,90
5,3,130~8,3,130
9,1,122~9,2,122
5,1,48~5,3,48
3,7,126~5,7,126
4,4,35~6,4,35
6,7,117~6,9,117
9,1,2~9,1,2
2,9,135~4,9,135
5,0,114~7,0,114
8,6,66~8,7,66
5,6,132~5,8,132
5,3,66~5,3,68
6,7,36~6,7,38
7,4,87~7,6,87
4,2,25~6,2,25
0,2,142~0,4,142
3,0,23~3,1,23
4,8,18~5,8,18
6,3,78~7,3,78
5,8,21~5,8,23
4,5,156~6,5,156
3,1,1~3,1,3
1,3,112~2,3,112
3,1,49~4,1,49
1,6,94~1,7,94
5,4,99~5,6,99
9,0,1~9,0,2
6,5,47~6,8,47
4,0,85~4,3,85
5,2,86~6,2,86
4,4,159~5,4,159
5,3,3~5,5,3
4,7,122~4,9,122
7,4,51~8,4,51
7,2,68~7,4,68
4,7,20~6,7,20
4,8,17~6,8,17
1,2,5~1,3,5
5,8,108~6,8,108
6,7,120~6,9,120
3,7,131~6,7,131
2,4,14~2,6,14
8,7,56~8,9,56
2,1,83~5,1,83
5,4,19~5,7,19
9,7,126~9,8,126
5,1,13~5,3,13
2,7,99~2,9,99
3,3,104~3,3,106
3,6,83~4,6,83
0,0,95~3,0,95
0,1,66~0,1,69
5,5,31~8,5,31
8,5,93~8,6,93
3,0,65~6,0,65
3,0,18~3,2,18
3,2,101~3,4,101
0,5,71~0,6,71
6,7,136~8,7,136
3,2,135~5,2,135
3,6,34~3,8,34
1,8,82~3,8,82
7,3,67~7,4,67
0,5,119~0,8,119
1,5,118~4,5,118
4,5,64~4,6,64
0,1,46~1,1,46
8,1,93~8,3,93
3,1,114~3,4,114
2,2,5~2,4,5
2,9,70~3,9,70
5,0,52~8,0,52
7,7,126~7,8,126
8,6,53~8,8,53
2,9,114~2,9,114
5,3,90~5,6,90
1,3,59~3,3,59
3,2,9~5,2,9
1,3,1~1,3,4
1,9,28~3,9,28
1,2,130~3,2,130
4,5,158~4,9,158
5,2,104~5,6,104
9,9,42~9,9,44
4,3,103~4,5,103
0,7,133~0,8,133
8,5,57~8,7,57
3,6,44~5,6,44
3,5,45~3,8,45
2,6,1~2,6,3
0,1,63~2,1,63
4,1,112~4,1,112
0,4,43~0,5,43
9,5,125~9,7,125
1,1,38~1,3,38
5,8,138~7,8,138
1,2,32~1,3,32
6,7,97~6,7,97
7,0,46~9,0,46
1,3,37~3,3,37
8,4,85~8,6,85
7,8,119~9,8,119
1,1,105~2,1,105
8,6,54~8,9,54
5,5,42~5,6,42
0,4,7~2,4,7
8,0,15~8,2,15
0,7,39~0,7,42
5,2,58~5,4,58
1,4,115~1,6,115
1,2,28~3,2,28
3,6,112~3,8,112
1,1,45~3,1,45
5,3,12~5,6,12
8,2,89~8,4,89
8,5,19~8,7,19
2,2,32~2,5,32
5,2,17~6,2,17
0,2,30~3,2,30
0,9,107~2,9,107
8,1,13~8,3,13
4,6,113~6,6,113
8,4,8~8,6,8
6,1,128~9,1,128
6,4,1~6,4,3
8,1,120~8,3,120
0,5,73~0,8,73
8,4,88~8,5,88
6,7,121~7,7,121
3,4,128~5,4,128
4,1,115~4,3,115
7,1,54~7,2,54
1,7,51~1,8,51
4,2,10~4,3,10
1,1,15~1,3,15
0,2,89~0,5,89
3,2,40~4,2,40
4,3,69~4,6,69
1,6,105~2,6,105
6,1,57~7,1,57
0,8,2~3,8,2
9,2,4~9,4,4
3,2,86~4,2,86
5,6,105~5,7,105
3,8,128~5,8,128
4,8,16~6,8,16
0,4,25~0,5,25
3,6,97~3,9,97
3,1,80~3,3,80
6,3,70~6,5,70
4,4,104~4,4,104
5,6,118~8,6,118
6,3,67~6,5,67
0,7,127~3,7,127
0,2,136~3,2,136
8,5,120~8,5,122
6,5,53~6,5,56
2,2,87~4,2,87
3,9,103~3,9,105
9,6,36~9,9,36
4,3,125~4,5,125
1,5,56~3,5,56
5,4,64~5,6,64
6,1,67~7,1,67
0,6,113~2,6,113
2,3,107~4,3,107
1,3,57~3,3,57
2,7,133~3,7,133
4,5,54~5,5,54
0,1,30~2,1,30
6,7,95~8,7,95
7,1,53~7,3,53
5,5,89~7,5,89
6,8,1~6,9,1
6,8,118~8,8,118
6,9,6~6,9,8
0,8,81~3,8,81
4,8,127~6,8,127
7,5,92~7,5,95
5,8,13~5,9,13
3,6,37~4,6,37
6,3,108~6,3,108
5,0,51~5,1,51
1,5,122~3,5,122
5,1,110~5,2,110
9,5,94~9,7,94
7,9,13~9,9,13
3,6,35~3,8,35
3,4,19~4,4,19
6,6,65~9,6,65
3,0,86~5,0,86
5,9,103~8,9,103
5,1,153~5,4,153
2,4,95~2,5,95
2,9,53~4,9,53
7,2,109~9,2,109
5,8,65~7,8,65
1,6,90~4,6,90
1,7,69~1,8,69
1,4,54~1,4,56
4,7,135~6,7,135
6,0,8~6,3,8
1,1,31~1,2,31
2,4,28~4,4,28
4,1,75~4,4,75
5,6,36~6,6,36
7,3,91~7,5,91
3,0,42~4,0,42
7,2,27~8,2,27
6,1,124~8,1,124
3,6,118~3,6,119
6,1,3~7,1,3
0,1,7~3,1,7
8,4,124~9,4,124
2,2,41~2,5,41
4,8,29~5,8,29
1,4,62~1,4,62
4,7,11~6,7,11
5,4,29~7,4,29
0,6,53~2,6,53
4,4,24~7,4,24
0,1,47~0,2,47
5,3,52~8,3,52
4,2,152~4,2,155
3,5,117~3,7,117
2,7,129~2,8,129
5,1,134~5,4,134
3,4,50~6,4,50
4,2,73~4,4,73
1,4,137~1,7,137
7,2,66~7,4,66
1,1,64~2,1,64
6,1,150~6,1,152
7,2,110~7,2,112
9,0,47~9,2,47
9,4,61~9,6,61
2,1,62~5,1,62
0,8,60~3,8,60
7,7,124~9,7,124
7,4,9~7,6,9
1,1,121~1,1,121
5,1,82~5,2,82
0,2,14~1,2,14
0,1,64~0,4,64
0,1,140~0,3,140
3,7,103~3,7,106
5,2,87~5,3,87
0,6,27~3,6,27
5,1,25~5,1,28
2,4,129~3,4,129
6,4,71~6,4,74
7,3,50~7,5,50
8,5,103~8,6,103
1,3,74~4,3,74
6,0,108~8,0,108
4,1,127~6,1,127
0,4,30~3,4,30
4,2,38~6,2,38
5,7,112~5,9,112
1,0,127~2,0,127
4,5,45~4,7,45
5,6,20~6,6,20
7,3,8~7,6,8
2,4,1~3,4,1
1,4,34~1,5,34
2,9,112~2,9,113
0,7,131~0,9,131
4,1,76~7,1,76
2,9,125~4,9,125
8,7,153~8,7,155
6,4,125~9,4,125
1,1,68~3,1,68
3,2,44~3,4,44
7,2,1~7,4,1
9,5,97~9,5,99
6,3,4~6,6,4
0,6,3~0,6,5
4,0,98~6,0,98
0,3,129~2,3,129
4,0,94~4,2,94
9,9,92~9,9,94
6,6,37~6,6,39
2,7,107~4,7,107
7,1,1~9,1,1
6,4,118~9,4,118
1,2,53~1,5,53
6,8,105~8,8,105
2,4,6~2,5,6
6,3,104~6,3,107
1,3,98~3,3,98
3,5,41~3,7,41
7,9,64~9,9,64
1,4,82~1,4,83
3,8,126~5,8,126
6,0,97~6,3,97
2,4,117~4,4,117
9,5,35~9,7,35
5,2,111~5,5,111
3,5,7~5,5,7
5,4,135~5,6,135
4,2,110~4,2,112
6,0,7~6,3,7
6,6,76~7,6,76
7,0,47~7,0,50
6,6,98~6,7,98
4,8,74~4,9,74
8,8,34~9,8,34
6,8,87~8,8,87
2,7,3~4,7,3
3,7,42~3,7,44
2,5,151~6,5,151
4,9,68~5,9,68
7,3,119~7,5,119
1,3,46~5,3,46
5,2,42~7,2,42
6,0,63~8,0,63
8,2,92~9,2,92
5,8,68~8,8,68
4,9,15~6,9,15
7,8,94~8,8,94
6,1,33~8,1,33
1,0,45~2,0,45
0,8,74~2,8,74
8,3,12~8,6,12
0,4,24~3,4,24
2,5,73~3,5,73
4,0,19~4,2,19
6,4,61~6,7,61
4,8,135~7,8,135
3,4,159~3,6,159
4,4,37~5,4,37
6,4,55~7,4,55
7,0,122~7,2,122
8,2,87~8,4,87
7,0,64~9,0,64
4,7,117~5,7,117
1,1,39~1,1,41
4,8,19~6,8,19
8,8,106~8,9,106
5,7,64~5,8,64
0,7,77~0,8,77
7,7,19~7,7,22
5,1,2~7,1,2
2,6,83~2,7,83
3,0,6~3,2,6
7,8,108~7,9,108
8,9,128~9,9,128
8,6,151~8,8,151
6,1,40~9,1,40
5,7,83~5,9,83
6,3,136~6,5,136
3,2,111~3,3,111
7,4,70~7,6,70
4,4,66~4,5,66
4,7,35~7,7,35
4,8,73~4,9,73
7,7,70~9,7,70
6,4,64~6,6,64
8,7,58~8,9,58
5,8,115~8,8,115
4,6,61~4,7,61
9,7,37~9,9,37
0,8,120~0,9,120
6,7,85~9,7,85
2,2,90~5,2,90
7,7,9~9,7,9
3,4,2~3,7,2
6,3,64~8,3,64
5,1,56~7,1,56
6,3,5~6,5,5
1,3,78~4,3,78
3,4,8~3,6,8
2,7,84~2,8,84
0,9,55~2,9,55
4,7,31~6,7,31
1,3,99~1,5,99
3,6,9~3,7,9
8,5,104~9,5,104
6,3,30~6,6,30
8,1,110~8,3,110
4,9,34~4,9,34
4,7,103~5,7,103
1,7,76~2,7,76
6,7,100~6,8,100
7,2,25~9,2,25
5,9,104~6,9,104
0,3,58~3,3,58
7,6,67~7,8,67
3,3,32~6,3,32
2,3,148~5,3,148
5,0,14~5,3,14
9,6,1~9,6,2
4,5,67~4,8,67
4,3,48~4,3,51
3,1,127~3,1,128
9,3,93~9,7,93
8,6,61~8,7,61
0,4,122~0,6,122
1,1,113~1,3,113
8,9,1~9,9,1
7,4,19~7,4,22
4,5,6~4,7,6
8,5,34~8,5,35
4,8,124~5,8,124
7,0,79~7,3,79
0,0,65~0,2,65
1,2,54~4,2,54
5,1,92~8,1,92
4,0,20~6,0,20
4,2,18~4,4,18
0,4,114~0,5,114
5,4,139~5,5,139
7,8,32~7,9,32
7,1,23~7,4,23
3,2,27~3,4,27
5,4,109~7,4,109
6,4,66~6,6,66
4,5,65~4,8,65
1,8,70~1,8,71
9,7,117~9,8,117
7,6,100~7,8,100
3,4,59~5,4,59
5,2,71~8,2,71
3,1,122~6,1,122
0,3,46~0,5,46
0,7,137~0,9,137
6,7,96~7,7,96
0,8,100~2,8,100
5,8,2~6,8,2
7,6,104~7,8,104
0,7,76~0,9,76
1,7,15~1,9,15
7,4,36~7,7,36
7,7,34~8,7,34
3,5,80~6,5,80
3,2,95~5,2,95
2,6,54~2,7,54
0,4,57~0,6,57
8,3,131~8,5,131
4,2,1~4,4,1
4,1,114~5,1,114
7,0,60~7,2,60
6,7,101~8,7,101
7,8,88~9,8,88
1,9,69~3,9,69
6,6,84~6,8,84
4,7,104~5,7,104
3,6,129~6,6,129
1,7,65~2,7,65
8,0,70~9,0,70
0,6,93~0,9,93
4,1,158~5,1,158
5,5,30~5,7,30
7,1,142~7,3,142
2,8,78~4,8,78
8,7,91~8,8,91
4,0,133~6,0,133
0,6,44~0,7,44
3,0,56~3,3,56
4,2,36~4,5,36
5,5,44~5,5,47
4,0,21~6,0,21
0,3,30~2,3,30
2,1,29~2,3,29
6,7,88~9,7,88
6,7,6~8,7,6
8,2,1~8,4,1
4,0,71~8,0,71
0,3,115~1,3,115
5,8,125~7,8,125
6,4,116~6,7,116
2,0,43~2,2,43
9,0,68~9,2,68
8,5,84~8,7,84
9,7,128~9,7,128
3,6,7~4,6,7
5,9,66~8,9,66
4,7,87~7,7,87
2,8,57~2,9,57
8,4,106~8,5,106
3,8,98~3,8,99
0,4,47~0,4,47
7,6,31~7,9,31
1,4,81~1,7,81
0,0,128~2,0,128
6,6,46~9,6,46
0,1,77~0,3,77
0,1,31~0,2,31
4,4,124~4,7,124
5,6,149~8,6,149
4,3,72~4,4,72
3,2,3~3,2,4
3,8,96~4,8,96
9,2,59~9,5,59
1,6,1~1,6,2
8,4,27~8,7,27
3,5,138~6,5,138
2,8,28~3,8,28
6,4,57~6,7,57
7,3,42~7,5,42
7,7,110~7,9,110
3,3,26~6,3,26
0,9,60~2,9,60
3,3,35~5,3,35
1,7,50~4,7,50
6,6,52~8,6,52
1,8,83~3,8,83
6,8,93~8,8,93
7,2,137~7,2,140
2,4,29~4,4,29
8,0,131~8,2,131
5,1,86~8,1,86
2,1,104~3,1,104
6,5,43~7,5,43
7,3,113~7,4,113
0,8,1~2,8,1
8,1,116~8,4,116
6,3,148~6,6,148
2,0,8~3,0,8
4,1,135~7,1,135
0,5,35~2,5,35
3,6,102~5,6,102
1,4,92~1,6,92
6,0,153~6,2,153
1,6,13~1,8,13
7,4,18~7,5,18
0,6,43~0,8,43
1,2,75~1,2,77
9,9,40~9,9,41
3,3,22~3,7,22
5,3,38~5,5,38
9,2,16~9,4,16
3,2,116~3,3,116
6,1,31~6,3,31
1,7,115~1,7,117
2,1,20~4,1,20
2,7,128~4,7,128
1,8,52~3,8,52
7,5,53~9,5,53
1,6,112~2,6,112
5,3,91~5,6,91
2,8,68~4,8,68
6,1,41~6,4,41
7,2,37~7,4,37
7,3,71~7,4,71
0,5,116~3,5,116
6,6,5~6,9,5
7,2,69~9,2,69
7,1,55~7,2,55
5,4,152~8,4,152
0,4,92~0,6,92
8,6,92~8,8,92
6,9,19~6,9,21
4,8,69~4,8,71
4,0,89~7,0,89
7,9,63~8,9,63
6,5,17~8,5,17
3,6,128~5,6,128
8,2,105~8,5,105
8,2,26~9,2,26
0,5,16~2,5,16
1,6,120~3,6,120
5,4,97~8,4,97
1,1,142~3,1,142
4,1,84~6,1,84
2,5,153~2,5,155
2,4,26~4,4,26
3,6,103~5,6,103
1,6,80~1,9,80
8,9,130~9,9,130
2,0,96~2,0,99
3,6,21~5,6,21
3,2,133~5,2,133
1,9,102~3,9,102
3,5,26~3,7,26
6,4,16~6,6,16
1,0,100~3,0,100
7,6,18~7,8,18
6,2,95~6,5,95
0,5,9~3,5,9
6,4,58~6,6,58
3,8,25~5,8,25
2,3,61~2,5,61
2,1,84~2,3,84
0,3,45~0,5,45
0,3,130~2,3,130
1,5,17~1,5,18
4,5,60~5,5,60
3,4,119~3,5,119
4,8,107~7,8,107
0,3,100~3,3,100
9,3,66~9,6,66
4,0,41~4,3,41
7,9,11~7,9,12
5,2,102~5,4,102
3,6,46~5,6,46
7,2,58~9,2,58
2,5,7~2,5,8
6,2,88~9,2,88
5,6,18~5,7,18
2,8,123~4,8,123
2,3,50~2,5,50
0,5,138~0,7,138
3,4,95~3,4,96
6,6,53~6,9,53
7,6,60~9,6,60
5,0,54~8,0,54
3,0,55~5,0,55
1,5,39~4,5,39
4,4,62~7,4,62
8,5,95~9,5,95
3,6,130~3,7,130
5,4,150~5,6,150
2,6,104~4,6,104
3,2,51~3,4,51
7,2,49~7,6,49
7,6,3~8,6,3
4,6,115~6,6,115
0,2,73~3,2,73
1,7,101~1,9,101
2,2,49~4,2,49
6,8,119~6,9,119
9,2,1~9,3,1
5,1,9~8,1,9
0,2,41~0,5,41
2,1,136~5,1,136
2,8,11~5,8,11
2,3,128~2,5,128
6,4,149~8,4,149
5,1,106~8,1,106
5,7,139~7,7,139
9,7,71~9,9,71
4,5,117~7,5,117
4,1,151~4,3,151
6,8,136~8,8,136
3,9,67~5,9,67
2,3,2~5,3,2
1,4,71~4,4,71
0,1,114~0,3,114
7,6,1~7,8,1
7,4,10~7,6,10
6,8,6~9,8,6
4,4,54~7,4,54
5,1,52~5,1,53
3,2,150~3,4,150
6,6,32~6,7,32
6,8,88~6,9,88
1,2,89~3,2,89
2,8,137~5,8,137
8,2,121~8,4,121
0,3,135~3,3,135
9,5,139~9,8,139
2,4,159~2,4,160
2,9,100~4,9,100
2,5,152~5,5,152
6,4,120~9,4,120
3,8,95~6,8,95
2,6,43~2,6,46
5,2,40~5,5,40
1,7,38~1,8,38
9,3,67~9,4,67
6,0,51~8,0,51
7,4,153~8,4,153
4,9,9~7,9,9
3,4,38~3,6,38
7,0,150~7,2,150
3,2,97~3,2,97
4,2,140~4,4,140
3,3,79~3,4,79
2,5,13~4,5,13
1,6,139~1,8,139
1,9,53~1,9,54
0,4,132~0,7,132
0,7,37~2,7,37
6,2,32~6,2,34
4,1,24~7,1,24
4,8,26~4,8,28
8,5,49~8,7,49
3,1,85~3,4,85
0,6,72~1,6,72
1,5,121~2,5,121
9,9,38~9,9,39
1,2,137~2,2,137
8,3,111~8,5,111
6,0,58~6,2,58
1,5,52~1,7,52
3,4,82~5,4,82
6,2,151~9,2,151
2,1,97~2,3,97
1,5,36~1,7,36
2,4,158~5,4,158
0,6,114~0,8,114
9,3,49~9,7,49
6,0,68~6,2,68
2,3,79~2,5,79
1,9,71~3,9,71
9,9,95~9,9,96
5,6,59~8,6,59
5,4,94~5,4,96
9,2,110~9,2,113
2,7,118~3,7,118
4,1,124~4,2,124
2,1,141~5,1,141
5,3,135~8,3,135